Mean:
  -60.5771    4.4438    3.0123
  -43.1642    2.3075   19.1591
  -32.3415    7.1665   23.1588
  -30.1468    9.4594   21.4817

Variance:
   87.6798  286.0994  440.4677
   97.0781  202.8640  520.7980
  171.2404  128.3339  436.1008
  139.7877  132.4967  481.2325

Standard Deviation:
    9.3637   16.9145   20.9873
    9.8528   14.2430   22.8210
   13.0859   11.3285   20.8830
   11.8232   11.5107   21.9370

Median:
  -62.8650   -0.7800   -2.7600
  -46.1800   -3.6000    8.1200
  -40.2600    3.7900   20.8800
  -36.7800    2.8200   11.9900

Mode:
  -58.0700  -14.1300  -20.6200
  -52.4300  -12.1900   -1.0600
  -41.6900   -5.8200         0
  -42.0700   -0.9100   -0.1300

Skewness:
    3.3494    0.3979    0.3725
    1.8062    0.5429    0.5026
    0.9928    0.6523    0.4220
    1.1716    0.2847    0.1126

Energy:
   1.0e+05 *

    7.5888    0.6149    0.9037
    4.0567    0.4289    1.8327
    2.0853    0.4404    1.8711
    2.8953    0.4264    2.3100

Range:
   61.1100   45.6500   56.8500
   49.7400   38.1200   56.9300
   41.8100   30.2700   54.0400
   44.5800   30.0100   50.2800

Interquartile Range:
    7.2800   33.5100   41.6900
   10.1800   27.7525   46.4400
   16.6625   21.7500   46.9300
   17.2700   23.2500   46.8600

Zero-Crossing Rates:
         0    0.0050    0.0050
         0    0.0048    0.0048
         0    0.0050    0.0050
    0.0084    0.0042    0.0126

Time Above Threshold:
     1     1     1
     1     1     1
     1     1     1
     1     1     1

Autocorrelation Coefficients:
   1.0e-03 *

    0.4721   -0.7740   -0.9301
    0.3129   -0.5320   -0.0500
    0.4747   -0.1332    0.0000
    0.2412   -0.3404   -0.0433
